id,x,y,z,limsup,liminf,layer,label,clay
052P1H1,2485211.989,4566396.724,7.5,0,15,1,Ap1,24.246758
052P1H3,2485211.989,4566396.724,44.5,35,54,3,Bt,21.939005
052P1H5,2485211.989,4566396.724,94,78,110,5,2Bt,13.752353
052P1H6,2485211.989,4566396.724,155,110,200,6,3Btg,33.901922
052P2H1,2484993.386,4567243.811,12.5,0,25,1,A,30.057639
052P3H1,2484156.547,4568470.037,15,0,30,1,Ap1,33.348525
052P3H2,2484156.547,4568470.037,52.5,30,75,2,Ap2,39.853776
052P3H3,2484156.547,4568470.037,107.5,75,140,3,Bt,43.338236
052P3H5,2484156.547,4568470.037,210,170,250,5,CB,25.326396
052P4H1,2484006.257,4566499.194,10,0,20,1,Ap1,12.153112
052P4H3,2484006.257,4566499.194,73.5,55,92,3,Ap/Bt,27.66094
052P4H4,2484006.257,4566499.194,126,92,160,4,2Btgk,20.21003
052P5H1,2485742.944,4567682.154,20,0,40,1,A,16.61653
052P5H2,2485742.944,4567682.154,65,40,90,2,Bw,20.748801
052P5H3,2485742.944,4567682.154,114,90,138,3,2CBk,40.169118
052P6H1,2489992.089,4563738.827,10,0,20,1,A1,22.3
052P6H2,2489992.089,4563738.827,50,20,80,2,A2,28
052P6H3,2489992.089,4563738.827,100,80,120,3,Bw1,31.584987
052P7H2,2484854.482,4562925.832,40,25,55,2,Ap2,24.3
052P7H3,2484854.482,4562925.832,87.5,55,120,3,Bw1,23
052P7H4,2484854.482,4562925.832,135,120,150,4,Bw2,20.961404
052P7H5,2484854.482,4562925.832,165,150,180,5,C,22.680219
052P8H1,2488026.322,4564856.937,15,0,30,1,Ap,12.172177
052P8H2,2488026.322,4564856.937,52.5,30,75,2,Bw1,13.242488
052P8H3,2488026.322,4564856.937,95.5,75,116,3,Bw2,9.33516
052P8H5,2488026.322,4564856.937,163,158,NaN,5,2Bk,28.59728
052P9H1,2479296.046,4566806.605,10,0,20,1,Ap,24.262487
052P9H2,2479296.046,4566806.605,35,20,50,2,Bw1,29.778893
052P9H3,2479296.046,4566806.605,70,50,90,3,Bw2,32.527488
052P9H4,2479296.046,4566806.605,115,90,140,4,Ck,21.072488
052P10H1,2476557.696,4560723.332,10,0,20,1,Ap,26.523119
052P10H2,2476557.696,4560723.332,38.5,20,57,2,A-Bt,27.586312
052P10H3,2476557.696,4560723.332,62.5,57,68,3,Bt,12.11141
052P10H5,2476557.696,4560723.332,106.5,83,130,5,2Cb,3.476807
052P10H9,2476557.696,4560723.332,180.5,161,200,9,3Btb,25.083916
052P11H1,2478178.488,4559750.008,8.5,0,17,1,A,9.372468
052P11H2,2478178.488,4559750.008,25,17,33,2,AB,20.702255
052P11H3,2478178.488,4559750.008,44,33,55,3,BC,20.777415
052P12H2,2475958.934,4563910.115,33.5,5,62,2,AB,35.067113
052P12H3,2475958.934,4563910.115,72,62,82,3,Btk1,37.090946
052P13H1,2481466.136,4561696.19,10,0,20,1,Ap,17.768666
052P13H2,2481466.136,4561696.19,45,20,70,2,Bw1,39.726132
052P13H3,2481466.136,4561696.19,87.5,70,105,3,Bw2,44.892862
052P14H1,2476669.858,4562901.45,5,0,10,1,Ap,27.75013
052P14H2,2476669.858,4562901.45,27.5,10,45,2,Bt1,47.524297
052P14H4,2476669.858,4562901.45,97.5,75,120,4,2Bt,7.561096
052P14H6,2476669.858,4562901.45,160,150,170,6,3Btb,40.910534
052P14H7,2476669.858,4562901.45,180,170,190,7,4Bt1b,43.898486
052P15H1,2486513.134,4563548.511,10,0,20,1,Ap,18.260064
052P15H3,2486513.134,4563548.511,86,70,102,3,Bt2,37.560454
052P15H4,2486513.134,4563548.511,123.5,102,145,4,Btk,32.426001
052P16H1,2491958.756,4563325.426,10,0,20,1,Ap,35.445223
052P16H2,2491958.756,4563325.426,35,20,50,2,Bt1,23.80027
052P16H4,2491958.756,4563325.426,95,90,NaN,4,R,9.230222
052P17H1,2482677.561,4562147.059,12.5,0,25,1,Ap,11.38716
052P17H2,2482677.561,4562147.059,35,25,45,2,A/B,11.399315
052P17H3,2482677.561,4562147.059,60,45,75,3,Bw,12.372488
052P17H4,2482677.561,4562147.059,90,75,105,4,Bk1,25.751758
052P17H5,2482677.561,4562147.059,117.5,105,130,5,Bk2,28.017084
052P18H1,2481142.786,4562096.962,7.5,0,15,1,Ap,6.246238
052P18H2,2481142.786,4562096.962,30,15,45,2,Bk1,22.54716
052P18H3,2481142.786,4562096.962,55,45,65,3,Bk2,22.486238
052P18H4,2481142.786,4562096.962,75,65,85,4,C,23.099678
052P19H1,2483299.213,4565426.673,10,0,20,1,Ap,28.058586
052P19H3,2483299.213,4565426.673,72.5,45,100,3,Btk,34.620103
052P19H5,2483299.213,4565426.673,140,120,160,5,Btgk2,49.153549
052P20H1,2483681.768,4563452.415,10,0,20,1,Ap,19.655181
052P20H2,2483681.768,4563452.415,32.5,20,45,2,Bt,17.206956
052P21H1,2482844.929,4566051.741,6,0,12,1,Ap,23.133486
052P21H2,2482844.929,4566051.741,23.5,12,35,2,AB,34.60289
052P21H3,2482844.929,4566051.741,50,35,65,3,Bt,43.167336
052P22H1,2482206.198,4565426.673,10,0,20,1,A,22.90412
052P22H2,2482206.198,4565426.673,39,20,58,2,Bt1,37.689167
052P22H3,2482206.198,4565426.673,74,58,90,3,Bt2,41.754393
052P22H5,2482206.198,4565426.673,140,120,160,5,C,25.795474
052P23H1,2482318.915,4565679.433,7.5,0,15,1,Ap,16.73705
052P23H2,2482318.915,4565679.433,27.5,15,40,2,AC,18.605588
052P24H1,2480515.972,4568900.839,12.5,0,25,1,A,5.634142
052P25H1,2495386.374,4564240.528,7.5,0,15,1,Ap1,38.21648
052P26H1,2481544.507,4569363.856,10,0,20,1,Ap1,27.551277
052P26H2,2481544.507,4569363.856,27.5,20,35,2,Ap2,41.03365
052P27H1,2480293.3,4569271.959,5,0,10,1,Ap1,34.988076
052P27H2,2480293.3,4569271.959,26,10,42,2,Bt1,24.803134
052P27H4,2480293.3,4569271.959,102.5,85,120,4,Bt3,41.232326
052P27H5,2480293.3,4569271.959,160,120,200,5,Bt4,40.319113
052P28H4,2478822.956,4562468.082,74,55,93,4,Bt2,46.735835
052P28H5,2478822.956,4562468.082,116.5,93,140,5,Bt3,36.204752
052P28H7,2478822.956,4562468.082,187.5,175,200,7,Bt5,37.788197
052P29H1,2494836.51,4563963.589,10,0,20,1,Ap,46.1
052P29H2,2494836.51,4563963.589,30,20,40,2,Bt,44.4
052P29H3,2494836.51,4563963.589,52.5,40,65,3,Btk1,47.3
052P29H4,2494836.51,4563963.589,82.5,65,100,4,Btk2,50.6
052P29H5,2494836.51,4563963.589,122.5,100,145,5,BC,45.213841
052P30H1,2480839.929,4564565.924,15,0,30,1,Ap1,12.386625
052P30H2,2480839.929,4564565.924,40,30,50,2,Ap2,14.195175
052P31H1,2478632.094,4562022.737,12.5,0,25,1,Ap1,30.483644
052P31H4,2478632.094,4562022.737,66.5,55,78,4,A-Bt,30.645346
052P31H5,2478632.094,4562022.737,92,78,106,5,Bt1,27.686829
052P31H6,2478632.094,4562022.737,113,106,120,6,Bt2,19.360713
052P32H1,2482062.74,4561272.647,10,0,20,1,Ap,3.505375
052P33H1,2478395.283,4561117.91,5,0,10,1,Ap1,2.3292
052P33H2,2478395.283,4561117.91,17.5,10,25,2,Ap2,10.8
052P33H3,2478395.283,4561117.91,35,25,45,3,AB1,14.5
052P33H4,2478395.283,4561117.91,56.5,45,68,4,AB2,14.3
052P33H5,2478395.283,4561117.91,91.5,68,115,5,B,12.567875
052P33H7,2478395.283,4561117.91,136.5,130,143,7,3Btb1,21.78562
052P34H1,2477775.945,4560406.407,15,0,30,1,Ap,17.9
052P34H2,2477775.945,4560406.407,47.5,30,65,2,Bw1,13.4
052P34H3,2477775.945,4560406.407,97.5,65,130,3,Bw2,19.1
052P34H4,2477775.945,4560406.407,140,130,150,4,BC,9.903848
052P34H5,2477775.945,4560406.407,165,150,180,5,Bwb,12.717013
052P35H1,2477772.319,4560170.684,10.5,0,21,1,Ap,7.8
052P35H2,2477772.319,4560170.684,32,21,43,2,C1,12.6
052P35H3,2477772.319,4560170.684,59,43,75,3,C2,8
052P35H4,2477772.319,4560170.684,108,75,141,4,C3,8.1
052P36H1,2486073.766,4565746.097,2.5,0,5,1,Ap1,25.059988
052P36H2,2486073.766,4565746.097,12.5,5,20,2,Ap2,31.3
052P36H3,2486073.766,4565746.097,29,20,38,3,Bk,24.8
052P36H4,2486073.766,4565746.097,44.5,38,51,4,BCk,15.743737
052P37H1,2477879.249,4562800.323,15,0,30,1,Ap,14.8212
052P37H2,2477879.249,4562800.323,40,30,50,2,Bt1,3.251625
052P37H3,2477879.249,4562800.323,60,50,70,3,Bt2,5.685225
052P37H4,2477879.249,4562800.323,85,70,100,4,2Bt3,28.119125
052P37H5,2477879.249,4562800.323,140,100,180,5,2Bt4,16.771183
052P38H1,2477554.077,4563471.875,9,0,18,1,Ap1,15.082625
052P38H3,2477554.077,4563471.875,52.5,35,70,3,Bt1,27.156579
052P38H4,2477554.077,4563471.875,85,70,100,4,Bt2,40.685906
052P38H6,2477554.077,4563471.875,132.5,115,150,6,2Bt4,16.993788
052P39H1,2475694.325,4562720.124,17.5,0,35,1,Ap,16.6
052P39H2,2475694.325,4562720.124,51.5,35,68,2,Bt,11.2
052P39H3,2475694.325,4562720.124,86.5,68,105,3,Btk1,39.896973
052P39H4,2475694.325,4562720.124,125,105,145,4,Btk2,22.566367
052P39H5,2475694.325,4562720.124,171.5,143,200,5,2Btb,25.845934
052P40H1,2475976.012,4561932.441,10,0,20,1,Ap1,19.396183
052P40H3,2475976.012,4561932.441,53,40,66,3,A-Bt,24.979101
052P40H5,2475976.012,4561932.441,105,90,120,5,2Bt2,32.821877
052P40H6,2475976.012,4561932.441,135,120,150,6,3Bt3,23.321862
052P40H7,2475976.012,4561932.441,160,150,170,7,4Bt4,26.140049
052P41H1,2486581.276,4566013.01,20,0,40,1,Ap,47.6
052P41H2,2486581.276,4566013.01,57.5,40,75,2,Bss,55.5
052P41H3,2486581.276,4566013.01,107.5,75,140,3,2C,35.21916
052P42H1,2475451.348,4563271.355,6.5,0,13,1,Ap1,21.250654
052P42H3,2475451.348,4563271.355,48.5,30,67,3,Bt1,33.090249
052P42H5,2475451.348,4563271.355,103.5,82,125,5,C,8.34455
052P43H1,2486303.085,4565990.454,3.5,0,7,1,Ap1,25.603915
052P43H3,2486303.085,4565990.454,37.5,20,55,3,Bw1,32.073585
052P43H5,2486303.085,4565990.454,107.5,85,130,5,Bw3,35.220003
052P43H6,2486303.085,4565990.454,147.5,130,165,6,Bw4,33.636456
052P44H1,2486848.189,4564900.247,10,0,20,1,Ap,37.1
052P44H2,2486848.189,4564900.247,30,20,40,2,Bk1,41.8
052P44H3,2486848.189,4564900.247,50,40,60,3,Bk2,31.5
052P44H4,2486848.189,4564900.247,80,60,100,4,Bss1,48.519815
052P45H1,2479159.419,4563524.144,6,0,12,1,Ap1,9.066225
052P45H2,2479159.419,4563524.144,16,12,20,2,Ap2,4.157875
052P45H3,2479159.419,4563524.144,40,20,60,3,Bw,6.151625
052P46H2,2474979.901,4561958.556,20,10,30,2,Ap2,8
052P46H3,2474979.901,4561958.556,37.5,30,45,3,A-Bt,7.6
052P46H4,2474979.901,4561958.556,62.5,45,80,4,Bt1,6.2
052P46H6,2474979.901,4561958.556,122.5,105,140,6,Cr,13.130596
052P47H2,2480409.938,4568625.149,30,10,50,2,A,6.616425
052P47H3,2480409.938,4568625.149,65,50,80,3,AB,7.710375
052P48H2,2484122.39,4566041.494,20,10,30,2,Ap2,21.943755
052P48H3,2484122.39,4566041.494,45,30,60,3,AB,21.638246
052P48H4,2484122.39,4566041.494,95,60,130,4,Bgk,16.455014
052P48H5,2484122.39,4566041.494,165,130,200,5,Bg,26.340492
052P49H2,2482909.826,4563647.108,27,16,38,2,Ap2,23.7
052P49H3,2482909.826,4563647.108,50,38,62,3,Bw,34.7
052P49H4,2482909.826,4563647.108,82.5,62,103,4,Bkb1,35.2
052P49H5,2482909.826,4563647.108,121.5,103,140,5,Bkb2,39.487751
052P50H1,2483096.373,4564336.346,9,0,18,1,Ap1,20.53116
052P50H2,2483096.373,4564336.346,27,18,36,2,Ap2,31.8
052P50H3,2483096.373,4564336.346,57,36,78,3,Bw,40.8
052P50H4,2483096.373,4564336.346,99,78,120,4,Bk1,27.742487
052P51H1,2482349.656,4565068.028,15,0,30,1,Ap,20.940879
052P51H2,2482349.656,4565068.028,50,30,70,2,A-Bt,21.550908
052P51H3,2482349.656,4565068.028,92.5,70,115,3,Bt1,20.800036
052P52H1,2484030.167,4565546.222,11,0,22,1,Ap,23.512126
052P52H2,2484030.167,4565546.222,38,22,54,2,Ap/Bw,44.4
052P52H3,2484030.167,4565546.222,72,54,90,3,Bw,42.4
052P52H4,2484030.167,4565546.222,105,90,120,4,Bk,43
052P53H1,2484436.632,4566885.165,10.5,0,21,1,Ap,33.8
052P53H2,2484436.632,4566885.165,25.5,21,30,2,A-Bt,36.8
052P53H3,2484436.632,4566885.165,47.5,30,65,3,Crk/Bt,31.89271
052P53H4,2484436.632,4566885.165,82.5,65,100,4,Crtk,34.383877
052P54H1,2482520.024,4567663.77,5,0,10,1,Ap1,30.651112
052P54H2,2482520.024,4567663.77,17.5,10,25,2,Ap2,36.8
052P54H3,2482520.024,4567663.77,37.5,25,50,3,Ck/Bw,22.6
052P54H4,2482520.024,4567663.77,75,50,100,4,Crk,37.984715
052P55H1,2482873.472,4567320.925,12.5,0,25,1,Ap,9.933893
052P56H1,2480897.696,4567974.805,22.5,0,45,1,Ap,8.8092
052P56H2,2480897.696,4567974.805,61,45,77,2,Bt,8.761625
052P56H3,2480897.696,4567974.805,93.5,77,110,3,Bw1,16.011975
052P56H4,2480897.696,4567974.805,137.5,110,165,4,Bw2,22.560954
052P57H1,2479644.444,4566424.049,15,0,30,1,Ap1,26.640201
052P57H3,2479644.444,4566424.049,73,58,88,3,Bk1,38.531734
052P58H1,2480963.652,4559993.438,11.5,0,23,1,Ap,9.1
052P58H2,2480963.652,4559993.438,49,23,75,2,Bt,5.7
052P58H3,2480963.652,4559993.438,89,75,103,3,2Btb,3.6
052P58H4,2480963.652,4559993.438,121.5,103,140,4,2BCb,3.282654
052P59H1,2480007.159,4560419.553,12.5,0,25,1,Ap,7.492875
052P59H2,2480007.159,4560419.553,44,25,63,2,Ap/Bt,4.556625
052P59H3,2480007.159,4560419.553,89.5,63,116,3,Bt1,13.7412
052P59H4,2480007.159,4560419.553,148,116,180,4,Bt2,44.389974
052P60H2,2480238.349,4560555.548,45,25,65,2,Ap2,34.485569
052P60H3,2480238.349,4560555.548,87.5,65,110,3,Bt1,41.631868
052P60H5,2480238.349,4560555.548,180,160,200,5,Bt3,39.877179
052P61H1,2480741.528,4560464.885,10,0,20,1,Ap1,33.655299
052P61H3,2480741.528,4560464.885,70,50,90,3,Bt1,28.889966
052P61H5,2480741.528,4560464.885,130,120,140,5,Btg,37.619128
052P62H1,2480877.523,4560519.283,10,0,20,1,Ap1,38.327676
052P62H3,2480877.523,4560519.283,67.5,45,90,3,Bw,49.137759
052P62H4,2480877.523,4560519.283,110,90,130,4,Bg1,49.553605
052P63H2,2481290.039,4560605.412,41,20,62,2,Ap2,29.797444
052P63H3,2481290.039,4560605.412,91,62,120,3,ABt1,34.167088
052P64H1,2483620.286,4561108.695,20,0,40,1,Ap,9.04105
052P64H2,2483620.286,4561108.695,55,40,70,2,Bt1,23.334125
052P64H3,2483620.286,4561108.695,85,70,100,3,Bt2,28.753425
052P64H4,2483620.286,4561108.695,139,100,178,4,2Btk,45.276687
052P65H1,2484321.637,4561450.262,12.5,0,25,1,Ap1,37.350161
052P65H2,2484321.637,4561450.262,42.5,25,60,2,Ap2,42.863044
052P66H1,2482377.892,4560106.309,10,0,20,1,A,1.823738
052P66H2,2482377.892,4560106.309,37.5,20,55,2,Bw,1.207488
052P66H3,2482377.892,4560106.309,92.5,55,130,3,Bk,0.91116
052P67H1,2491182.702,4566941.565,7.5,0,15,1,Ap1,40.2
052P67H2,2491182.702,4566941.565,27.5,15,40,2,Ap2,31.5
052P67H3,2491182.702,4566941.565,70,40,100,3,Bssk1,34.065815
052P68H1,2490889.788,4565955.573,30,0,60,1,Ap,31.7
052P68H2,2490889.788,4565955.573,75,60,90,2,C,28.4
052P68H3,2490889.788,4565955.573,115,90,140,3,Cr,24.226237
052P69H1,2490317.095,4565889.343,10,0,20,1,Ap1,27.259177
052P69H2,2490317.095,4565889.343,35,20,50,2,Ap2,43.3
052P69H3,2490317.095,4565889.343,65,50,80,3,Bssk,45.5
052P69H4,2490317.095,4565889.343,110,80,140,4,Bss,35.572488
052P69H5,2490317.095,4565889.343,150,140,160,5,C,40.81092
052P70H2,2489931.404,4565643.903,30,20,40,2,Ap2,41.9
052P70H3,2489931.404,4565643.903,55,40,70,3,Bk,33.7
052P70H4,2489931.404,4565643.903,100,70,130,4,BCg1,36.9
052P70H5,2489931.404,4565643.903,165,130,200,5,BCg2,32.669411
052P71H1,2485833.168,4564306.272,10,0,20,1,Ap,20.015262
052P71H2,2485833.168,4564306.272,57.5,20,95,2,Ap/B,27.850079
052P71H5,2485833.168,4564306.272,150,120,180,5,BC,33.437986
052P72H1,2486404.05,4563925.348,5,0,10,1,Ap1,10.01916
052P72H2,2486404.05,4563925.348,29.5,10,49,2,Ap2,15.2
052P72H3,2486404.05,4563925.348,54.5,49,60,3,Bk1,13.5
052P72H4,2486404.05,4563925.348,74.5,60,89,4,Bk2,15
052P72H5,2486404.05,4563925.348,99.5,89,110,5,Bk3,13.5
052P72H6,2486404.05,4563925.348,130,110,150,6,BC,19.344617
052P73H1,2484836.265,4564067.236,10,0,20,1,Ap,6.3
052P73H2,2484836.265,4564067.236,44,20,68,2,Bw,13.5
052P73H3,2484836.265,4564067.236,96,68,124,3,BC,5.7
052P73H4,2484836.265,4564067.236,152,124,180,4,2Ck,60.480425
052P74H1,2484689.391,4564002.338,12.5,0,25,1,Ap,23.2
052P74H2,2484689.391,4564002.338,32.5,25,40,2,Btk,24.1
052P74H3,2484689.391,4564002.338,45,40,50,3,2Bkb,47.4
052P74H5,2484689.391,4564002.338,72.5,60,85,5,2Bwb,34.454988
052P74H6,2484689.391,4564002.338,102.5,85,120,6,3Btkb,43.756262
052P74H8,2484689.391,4564002.338,167.5,145,190,8,4Btkb2,40.038145
052P75H2,2482928.043,4557173.385,6.5,1,12,2,A,2.635375
052P75H3,2482928.043,4557173.385,26,12,40,3,AB,3.2
052P75H4,2482928.043,4557173.385,60,40,80,4,Bw1,0.7
052P75H5,2482928.043,4557173.385,100,80,120,5,Bw2,1.3
052P76H3,2485091.302,4557989.048,37,22,52,3,A3,2.2
052P76H4,2485091.302,4557989.048,61,52,70,4,AB,3.7
052P76H5,2485091.302,4557989.048,85,70,100,5,Bw1,5
052P77H1,2485196.049,4558735.941,5,0,10,1,A,1.4
052P77H2,2485196.049,4558735.941,20,10,30,2,AB1,1.3
052P77H3,2485196.049,4558735.941,35,30,40,3,AB2,0.5
052P78H1,2486263.684,4558456.251,6,0,12,1,A,1.1
052P78H2,2486263.684,4558456.251,21,12,30,2,Bw,5.4
052P79H1,2486894.332,4558249.545,4,0,8,1,A,3.1212
052P79H2,2486894.332,4558249.545,14,8,20,2,AB,1.7
052P79H3,2486894.332,4558249.545,23,20,26,3,Bw1,0.4
052P79H4,2486894.332,4558249.545,48,26,70,4,Bw2,2.2
052P79H5,2486894.332,4558249.545,72.5,70,75,5,Bw3,1.6
052P82H1,2485566.256,4565264.902,12.5,0,25,1,Ap1,28.41704
052P82H3,2485566.256,4565264.902,55,40,70,3,AB,35.301911
052P82H4,2485566.256,4565264.902,90,70,110,4,Btk,33.131511
052P82H5,2485566.256,4565264.902,140,110,170,5,BCk,22.70766
052P83H1,2494475.286,4564156.242,5.5,0,11,1,A,42.672568
052P83H2,2494475.286,4564156.242,16.5,11,22,2,AB,44.7
052P83H3,2494475.286,4564156.242,34,22,46,3,Bw,47.5
052P83H4,2494475.286,4564156.242,65.5,46,85,4,Cr,47.802861
052P84H1,2480997.05,4566010.753,10,0,20,1,A,52
052P84H2,2480997.05,4566010.753,32.5,20,45,2,Bk1,40.6
052P84H3,2480997.05,4566010.753,60,45,75,3,Bk2,68.8
052P84H4,2480997.05,4566010.753,102.5,75,130,4,CB,54.8
052P85H1,2496380.926,4562930.195,9,0,18,1,Ap1,27.8
052P85H2,2496380.926,4562930.195,36.5,18,55,2,Ap2,27.7
052P85H3,2496380.926,4562930.195,75,55,95,3,Bwb1,40.2
052P85H4,2496380.926,4562930.195,100,95,105,4,Bwb2,28.3
052P85H5,2496380.926,4562930.195,118.5,105,132,5,Bwb3,32.369849
052P86H1,2494475.286,4564308.759,11,0,22,1,Ap,38.9
052P86H2,2494475.286,4564308.759,41,22,60,2,Bw,44.9
052P86H3,2494475.286,4564308.759,90,60,120,3,C,49.811018
052P87H1,2490284.221,4567159.607,22.5,0,45,1,Ap,43.4
052P87H2,2490284.221,4567159.607,60,45,75,2,Bk1,33.1
052P87H4,2490284.221,4567159.607,125,100,150,4,CBk,43.050345
052P88H1,2489983.474,4567362.611,15,0,30,1,Ap,24.9
052P88H2,2489983.474,4567362.611,40,30,50,2,Ap/Bw,27.3
052P88H3,2489983.474,4567362.611,85,50,120,3,Ckr,28.174989
052P89H1,2489541.817,4564732.756,12.5,0,25,1,Ap1,18.3
052P89H2,2489541.817,4564732.756,42.5,25,60,2,Ap2,21.6
052P89H3,2489541.817,4564732.756,77.5,60,95,3,Bk1,29.8
052P89H4,2489541.817,4564732.756,112.5,95,130,4,Bk2,28.602893
052P90H1,2487002.321,4565513.018,10,0,20,1,Ap,22.608771
052P90H2,2487002.321,4565513.018,55,20,90,2,Ap/ Bk,31.125512
052P90H3,2487002.321,4565513.018,130,90,170,3,C,12.993429
052P91H1,2481967.101,4563859.449,7.5,0,15,1,Ap,34.3
052P91H2,2481967.101,4563859.449,27.5,15,40,2,Ap/Bk,31.5
052P91H3,2481967.101,4563859.449,70,40,100,3,Ck,25.096237
052P92H1,2485645.78,4566352.32,13.5,0,27,1,Ap1,24.548873
052P92H3,2485645.78,4566352.32,70,50,90,3,Bw,34.962356
052P92H4,2485645.78,4566352.32,105,90,120,4,Bk,31.709341
052P92H6,2485645.78,4566352.32,150,140,160,6,Ctk,15.233091
052P93H1,2485765.5,4566204.736,7.5,0,15,1,Ap1,30.9
052P93H2,2485765.5,4566204.736,37.5,15,60,2,Ap2,29.2
052P93H3,2485765.5,4566204.736,92.5,60,125,3,BCgk,35.3
052P93H4,2485765.5,4566204.736,132.5,125,140,4,2Cg,27.117567
052P94H1,2485697.832,4564855.135,5,0,10,1,Ap,26
052P94H2,2485697.832,4564855.135,25,10,40,2,Bk,23.4
052P94H3,2485697.832,4564855.135,47.5,40,55,3,Ab,26.1
052P94H4,2485697.832,4564855.135,75,55,95,4,Bwb,51.035991
052P94H6,2485697.832,4564855.135,122.5,95,150,6,2Ab,46.710406
052P95H1,2482281.343,4563015.209,5,0,10,1,Ap1,12.4
052P95H2,2482281.343,4563015.209,25,10,40,2,Ap2,23.5
052P95H3,2482281.343,4563015.209,62.5,40,85,3,Bk,23
052P96H1,2479473.661,4565829.723,12.5,0,25,1,Ap1,33.7
052P96H2,2479473.661,4565829.723,37.5,25,50,2,Ap2,38.9
052P96H3,2479473.661,4565829.723,62.5,50,75,3,Bssk,49.2
052P96H4,2479473.661,4565829.723,122.5,75,170,4,BCk,33.904987
052P97H1,2484685.976,4568534.935,15,0,30,1,Ap,26.589264
052P97H2,2484685.976,4568534.935,60,30,90,2,Bk/Ck,27.805311
052P97H3,2484685.976,4568534.935,145,90,200,3,Ck,30.744322
052P98H1,2488976.915,4565772.467,15,0,30,1,Ap1,32.73516
052P98H2,2488976.915,4565772.467,45,30,60,2,Ap2,33.591315
052P98H3,2488976.915,4565772.467,71,60,82,3,Bw,34.231238
052P98H4,2488976.915,4565772.467,106,82,130,4,Ck,33.251678
052P99H1,2478776.863,4565689.68,10,0,20,1,A,31.941532
052P99H2,2478776.863,4565689.68,40,20,60,2,Bw,47.660439
052P99H3,2478776.863,4565689.68,90,60,120,3,Bk,45.910121
052P100H1,2478773.448,4565498.402,10,0,20,1,A1,42.822488
052P100H2,2478773.448,4565498.402,32.5,20,45,2,A2,46.19916
052P101H1,2489453.161,4559254.963,7.5,0,15,1,A,14.235375
052P101H2,2489453.161,4559254.963,25,15,35,2,A-Bw,7.926975
052P102H1,2488998.7,4559006.865,12.5,0,25,1,A,14.500659
052P103H1,2487205.632,4559510.56,10,0,20,1,A,5.317875
052P103H2,2487205.632,4559510.56,35,20,50,2,AB,16.555375
052P103H3,2487205.632,4559510.56,64,50,78,3,B,28.4652
052P103H4,2487205.632,4559510.56,89,78,100,4,Ab,28.67805
052P104H1,2486836.112,4559781.353,25,0,50,1,A,14.634125
052P104H2,2486836.112,4559781.353,85,50,120,2,Bt,11.762925
052P105H2,2482164.935,4570393.047,21.5,8,35,2,Bw,10.970625
052P105H3,2482164.935,4570393.047,42.5,35,50,3,CB,6.296796
052P106H1,2490795.073,4569290.305,4,0,8,1,A,10.161238
052P106H2,2490795.073,4569290.305,24,8,40,2,Bw1,7.949393
052P106H3,2490795.073,4569290.305,55,40,70,3,Bw2,8.276237
052P106H4,2490795.073,4569290.305,80,70,90,4,BCk,10.451238
052P107H1,2490725.23,4569191.905,2,0,4,1,A,7.71516
052P107H2,2490725.23,4569191.905,17,4,30,2,A-Bw,9.355315
052P108H1,2489467.905,4569924.232,5.5,0,11,1,A,16.621831
052P108H2,2489467.905,4569924.232,21.5,11,32,2,Bk,16.287487
052P109H1,2489119.431,4569809.31,5,0,10,1,A,13.24575
052P109H2,2489119.431,4569809.31,20,10,30,2,AB,34.8655
052P109H3,2489119.431,4569809.31,55,30,80,3,R/Bw,38.821177
052P110H2,2489241.767,4569901.989,17.5,8,27,2,A2,26.177917
052P110H3,2489241.767,4569901.989,33.5,27,40,3,Bt,34.096578
052P111H1,2488441.111,4569099.735,17.5,0,35,1,A1,36.804987
052P111H2,2488441.111,4569099.735,52.5,35,70,2,A2,34.13916
052P111H3,2488441.111,4569099.735,80,70,90,3,A-Bt,42.894988
052P111H4,2488441.111,4569099.735,97.5,90,105,4,Bt,48.080393
052P112H1,2488051.176,4567294.943,10,0,20,1,A,21.407677
052P112H2,2488051.176,4567294.943,27.5,20,35,2,A/B,22.304987
052P112H3,2488051.176,4567294.943,52.5,35,70,3,Bw,17.11116
052P113H1,2488397.035,4568757.324,15,0,30,1,A,25.712487
052P113H2,2488397.035,4568757.324,45,30,60,2,Bw,35.805893
052P114H1,2485889.558,4564430.33,11,0,22,1,Ap1,14.982488
052P114H2,2485889.558,4564430.33,43.5,22,65,2,Ap2,18.208738
052P114H3,2485889.558,4564430.33,77.5,65,90,3,C,15.537142
052P114H4,2485889.558,4564430.33,120,90,150,4,2Ck,16.78716
052P115H1,2486745.095,4558085.865,12.5,0,25,1,A1,2.10605
052P115H2,2486745.095,4558085.865,38.5,25,52,2,A2,2.309125
052P115H3,2486745.095,4558085.865,77.5,52,103,3,2Bw1,22.020815
